 -0.00   0.00023805
  0.00   0.00225600
  0.00   0.00655540
  0.01   0.01335979
  0.02   0.02283507
  0.03   0.03508651
  0.04   0.05015644
  0.06   0.06802275
  0.08   0.08859822
  0.10   0.11173070
  0.12   0.13720411
  0.15   0.16474030
  0.18   0.19400169
  0.21   0.22459476
  0.24   0.25607422
  0.27   0.28794794
  0.30   0.31968251
  0.34   0.35070938
  0.37   0.38043162
  0.39   0.40823098
  0.42   0.43347548
  0.44   0.45552720
  0.47   0.47375029
  0.48   0.48751915
  0.49   0.49622653
  0.50   0.49929171
  0.50   0.49616837
  0.49   0.48635229
  0.48   0.46938874
  0.46   0.44487933
  0.43   0.41248852
  0.39   0.37194936
  0.35   0.32306874
  0.30   0.26573182
  0.23   0.19990574
  0.16   0.12564249
  0.09   0.04308087
 -0.00  -0.04755234
 -0.10  -0.14594220
 -0.20  -0.25168639
 -0.31  -0.36429681
 -0.42  -0.48320222
 -0.54  -0.60775170
 -0.67  -0.73721903
 -0.80  -0.87080794
 -0.94  -1.00765809
 -1.08  -1.14685183
 -1.22  -1.28742169
 -1.36  -1.42835836
 -1.50  -1.56861934
 -1.64  -1.70713795
 -1.78  -1.84283276
 -1.91  -1.97461723
 -2.04  -2.10140964
 -2.16  -2.22214297
 -2.28  -2.33577485
 -2.39  -2.44129736
 -2.49  -2.53774660
 -2.58  -2.62421202
 -2.66  -2.69984523
 -2.73  -2.76386837
 -2.79  -2.81558196
 -2.84  -2.85437195
 -2.87  -2.87971613
 -2.89  -2.89118972
 -2.89  -2.88847006
 -2.88  -2.87134043
 -2.86  -2.83969289
 -2.82  -2.79353011
 -2.77  -2.73296623
 -2.70  -2.65822671
 -2.62  -2.56964707
 -2.52  -2.46767074
 -2.41  -2.35284576
 -2.29  -2.22582067
 -2.16  -2.08733937
 -2.01  -1.93823509
 -1.86  -1.77942362
 -1.70  -1.61189564
 -1.53  -1.43670853
 -1.35  -1.25497740
 -1.16  -1.06786574
 -0.97  -0.87657550
 -0.78  -0.68233693
 -0.58  -0.48639817
 -0.39  -0.29001461
 -0.19  -0.09443831
  0.00   0.09909257
  0.19   0.28936416
  0.38   0.47519702
  0.57   0.65545593
  0.74   0.82905915
  0.91   0.99498729
  1.07   1.15229141
  1.23   1.30010048
  1.37   1.43762811
  1.50   1.56417836
  1.62   1.67915076
  1.73   1.78204437
  1.83   1.87246083
  1.91   1.95010650
  1.98   2.01479358
  2.04   2.06644021
  2.09   2.10506958
  2.12   2.13080805
  2.14   2.14388238
  2.15   2.14461593
  2.14   2.13342405
  2.12   2.11080870
  2.10   2.07735216
  2.06   2.03371023
  2.01   1.98060464
  1.95   1.91881510
  1.88   1.84917070
  1.81   1.77254116
  1.73   1.68982765
  1.65   1.60195354
  1.56   1.50985502
  1.46   1.41447180
  1.37   1.31673787
  1.27   1.21757251
  1.17   1.11787160
  1.07   1.01849935
  0.97   0.92028044
  0.87   0.82399277
  0.78   0.73036083
  0.68   0.64004972
  0.60   0.55365996
  0.51   0.47172308
  0.43   0.39469799
  0.36   0.32296829
  0.29   0.25684041
  0.23   0.19654265
  0.17   0.14222511
  0.12   0.09396051
  0.07   0.05174588
  0.03   0.01550506
 -0.00  -0.01490798
 -0.03  -0.03970505
 -0.05  -0.05915899
 -0.07  -0.07359824
 -0.08  -0.08340084
 -0.09  -0.08898797
 -0.09  -0.09081704
 -0.09  -0.08937441
 -0.09  -0.08516790
 -0.08  -0.07871916
 -0.07  -0.07055587
 -0.07  -0.06120408
 -0.06  -0.05118056
 -0.05  -0.04098541
 -0.04  -0.03109489
 -0.03  -0.02195469
 -0.02  -0.01397358
 -0.01  -0.00751762
 -0.00  -0.00290492
 -0.00  -0.00040108
 -0.00  -0.00021530
 -0.00  -0.00249723
 -0.00  -0.00733468
 -0.01  -0.01475197
 -0.02  -0.02470932
 -0.03  -0.03710288
 -0.04  -0.05176577
 -0.06  -0.06846978
 -0.08  -0.08692803
 -0.10  -0.10679829
 -0.12  -0.12768716
 -0.14  -0.14915482
 -0.16  -0.17072053
 -0.18  -0.19186866
 -0.20  -0.21205527
 -0.22  -0.23071508
 -0.24  -0.24726888
 -0.25  -0.26113113
 -0.27  -0.27171783
 -0.28  -0.27845447
 -0.28  -0.28078397
 -0.28  -0.27817459
 -0.27  -0.27012757
 -0.26  -0.25618469
 -0.25  -0.23593528
 -0.22  -0.20902293
 -0.19  -0.17515165
 -0.16  -0.13409147
 -0.11  -0.08568331
 -0.06  -0.02984326
  0.00   0.03343405
  0.07   0.10407279
  0.14   0.18191418
  0.22   0.26671560
  0.31   0.35815060
  0.41   0.45580988
  0.51   0.55920306
  0.61   0.66776152
  0.72   0.78084195
  0.84   0.89773093
  0.96   1.01765015
  1.08   1.13976256
  1.20   1.26317912
  1.33   1.38696627
  1.45   1.51015393
  1.57   1.63174407
  1.69   1.75071961
  1.81   1.86605373
  1.92   1.97671939
  2.03   2.08169896
  2.13   2.17999400
  2.23   2.27063485
  2.31   2.35269020
  2.39   2.42527630
  2.46   2.48756594
  2.51   2.53879690
  2.56   2.57827995
  2.59   2.60540616
  2.61   2.61965365
  2.62   2.62059344
  2.62   2.60789460
  2.60   2.58132844
  2.56   2.54077187
  2.52   2.48620968
  2.45   2.41773594
  2.38   2.33555433
  2.29   2.23997746
  2.19   2.13142521
  2.07   2.01042204
  1.95   1.87759328
  1.81   1.73366059
  1.66   1.57943633
  1.50   1.41581728
  1.33   1.24377737
  1.15   1.06435982
  0.97   0.87866852
  0.78   0.68785892
  0.59   0.49312839
  0.39   0.29570613
  0.20   0.09684292
 -0.00  -0.10219951
 -0.20  -0.30015904
 -0.40  -0.49578385
 -0.59  -0.68784293
 -0.78  -0.87513643
 -0.97  -1.05650565
 -1.14  -1.23084271
 -1.32  -1.39709966
 -1.48  -1.55429705
 -1.63  -1.70153181
 -1.77  -1.83798447
 -1.90  -1.96292545
 -2.02  -2.07572066
 -2.13  -2.17583601
 -2.22  -2.26284114
 -2.30  -2.33641207
 -2.37  -2.39633287
 -2.42  -2.44249632
 -2.46  -2.47490356
 -2.49  -2.49366275
 -2.50  -2.49898673
 -2.50  -2.49118972
 -2.48  -2.47068312
 -2.46  -2.43797041
 -2.42  -2.39364128
 -2.37  -2.33836501
 -2.31  -2.27288312
 -2.24  -2.19800144
 -2.16  -2.11458176
 -2.07  -2.02353289
 -1.98  -1.92580150
 -1.87  -1.82236271
 -1.77  -1.71421048
 -1.66  -1.60234801
 -1.55  -1.48777821
 -1.43  -1.37149421
 -1.31  -1.25447028
 -1.20  -1.13765292
 -1.08  -1.02195253
 -0.96  -0.90823542
 -0.85  -0.79731656
 -0.74  -0.68995291
 -0.64  -0.58683740
 -0.54  -0.48859383
 -0.44  -0.39577244
 -0.35  -0.30884645
 -0.27  -0.22820936
 -0.19  -0.15417328
 -0.12  -0.08696804
 -0.06  -0.02674132
  0.00   0.02644038
  0.05   0.07258996
  0.09   0.11179692
  0.13   0.14422395
  0.16   0.17010263
  0.18   0.18972846
  0.20   0.20345526
  0.21   0.21168903
  0.21   0.21488122
  0.21   0.21352165
  0.21   0.20813112
  0.20   0.19925370
  0.19   0.18744892
  0.18   0.17328385
  0.17   0.15732530
  0.15   0.14013197
  0.13   0.12224701
  0.11   0.10419069
  0.10   0.08645356
  0.08   0.06949002
  0.06   0.05371240
  0.05   0.03948568
  0.03   0.02712284
  0.02   0.01688085
  0.01   0.00895756
  0.01   0.00348919
  0.00   0.00054879
  0.00   0.00014543
  0.00   0.00222428
  0.00   0.00666746
  0.01   0.01329583
  0.02   0.02187146
  0.03   0.03210095
  0.04   0.04363947
  0.05   0.05609547
  0.06   0.06903610
  0.08   0.08199309
  0.09   0.09446923
  0.10   0.10594524
  0.11   0.11588702
  0.12   0.12375316
  0.13   0.12900259
  0.13   0.13110240
  0.13   0.12953564
  0.13   0.12380895
  0.12   0.11346016
  0.11   0.09806551
  0.09   0.07724655
  0.06   0.05067661
  0.04   0.01808678
 -0.00  -0.02072876
 -0.04  -0.06590802
 -0.09  -0.11751714
 -0.15  -0.17554726
 -0.21  -0.23991198
 -0.27  -0.31044586
 -0.35  -0.38690369
 -0.43  -0.46896065
 -0.51  -0.55621344
 -0.60  -0.64818221
 -0.70  -0.74431343
 -0.79  -0.84398365
 -0.89  -0.94650400
 -1.00  -1.05112560
 -1.10  -1.15704561
 -1.21  -1.26341401
 -1.32  -1.36934103
 -1.42  -1.47390509
 -1.53  -1.57616121
 -1.63  -1.67514986
 -1.72  -1.76990602
 -1.82  -1.85946857
 -1.90  -1.94288968
 -1.98  -2.01924426
 -2.05  -2.08763939
 -2.12  -2.14722346
 -2.17  -2.19719511
 -2.22  -2.23681181
 -2.25  -2.26539794
 -2.28  -2.28235235
 -2.29  -2.28715529
 -2.28  -2.27937467
 -2.27  -2.25867146
 -2.24  -2.22480440
 -2.20  -2.17763369
 -2.15  -2.11712386
 -2.08  -2.04334562
 -2.00  -1.95647670
 -1.91  -1.85680182
 -1.80  -1.74471144
 -1.68  -1.62069974
 -1.55  -1.48536142
 -1.41  -1.33938764
 -1.26  -1.18356104
 -1.10  -1.01874982
 -0.93  -0.84590100
 -0.76  -0.66603298
 -0.57  -0.48022729
 -0.39  -0.28961983
 -0.19  -0.09539150
  0.00   0.10124163
  0.20   0.29903843
  0.40   0.49674316
  0.60   0.69309605
  0.79   0.88684389
  0.98   1.07675072
  1.17   1.26160817
  1.35   1.44024574
  1.53   1.61154062
  1.69   1.77442714
  1.85   1.92790563
  2.00   2.07105075
  2.14   2.20301900
  2.26   2.32305562
  2.38   2.43050056
  2.48   2.52479358
  2.57   2.60547843
  2.64   2.67220609
  2.70   2.72473695
  2.75   2.76294206
  2.78   2.78680326
  2.79   2.79641237
  2.80   2.79196934
  2.78   2.77377942
  2.76   2.74224938
  2.72   2.69788281
  2.67   2.64127460
  2.61   2.57310455
  2.53   2.49413030
  2.45   2.40517964
  2.36   2.30714212
  2.26   2.20096028
  2.15   2.08762044
  2.03   1.96814317
  1.91   1.84357359
  1.78   1.71497149
  1.65   1.58340151
  1.52   1.44992336
  1.38   1.31558225
  1.25   1.18139958
  1.11   1.04836398
  0.98   0.91742286
  0.85   0.78947448
  0.73   0.66536056
  0.60   0.54585969
  0.49   0.43168141
  0.38   0.32346110
  0.27   0.22175570
  0.17   0.12704033
  0.08   0.03970581
 -0.00  -0.03994290
 -0.08  -0.11168740
 -0.14  -0.17539552
 -0.20  -0.23102016
 -0.26  -0.27859721
 -0.30  -0.31824263
 -0.34  -0.35014874
 -0.36  -0.37457969
 -0.38  -0.39186626
 -0.40  -0.40240005
 -0.41  -0.40662702
 -0.41  -0.40504062
 -0.40  -0.39817443
 -0.39  -0.38659456
 -0.38  -0.37089175
 -0.36  -0.35167331
 -0.34  -0.32955507
 -0.32  -0.30515335
 -0.29  -0.27907698
 -0.27  -0.25191965
 -0.24  -0.22425250
 -0.21  -0.19661708
 -0.18  -0.16951887
 -0.16  -0.14342117
 -0.13  -0.11873979
 -0.11  -0.09583825
 -0.09  -0.07502373
 -0.07  -0.05654385
 -0.05  -0.04058414
 -0.03  -0.02726638
 -0.02  -0.01664775
 -0.01  -0.00872087
 -0.01  -0.00341461
 -0.00  -0.00059575
 -0.00  -0.00007148
 -0.00  -0.00159261
 -0.00  -0.00485755
 -0.01  -0.00951702
 -0.01  -0.01517929
 -0.02  -0.02141606
 -0.02  -0.02776883
 -0.03  -0.03375570
 -0.04  -0.03887849
 -0.04  -0.04263014
 -0.04  -0.04450228
 -0.04  -0.04399291
 -0.04  -0.04061404
 -0.04  -0.03389923
 -0.03  -0.02341100
 -0.02  -0.00874794
  0.00   0.01044858
  0.02   0.03448806
  0.05   0.06362511
  0.08   0.09805421
  0.12   0.13790516
  0.16   0.18323925
  0.21   0.23404617
  0.26   0.29024171
  0.32   0.35166634
  0.38   0.41808459
  0.45   0.48918538
  0.53   0.56458321
  0.60   0.64382015
  0.68  -0.00000000
  0.00   0.00080760
  0.00   0.00297721
  0.00   0.00610145
  0.01   0.00974124
  0.01   0.01343252
  0.02   0.01669330
  0.02   0.01903103
  0.02   0.01995009
  0.02   0.01895941
  0.02   0.01558005
  0.01   0.00935278
  0.01  -0.00015465
 -0.01  -0.01334038
 -0.02  -0.03056176
 -0.04  -0.05212901
 -0.06  -0.07829950
 -0.09  -0.10927249
 -0.13  -0.14518461
 -0.17  -0.18610597
 -0.21  -0.23203712
 -0.26  -0.28290669
 -0.31  -0.33856994
 -0.37  -0.39880815
 -0.43  -0.46332885
 -0.50  -0.53176698
 -0.57  -0.60368684
 -0.64  -0.67858500
 -0.72  -0.75589396
 -0.80  -0.83498667
 -0.87  -0.91518177
 -0.96  -0.99574954
 -1.04  -1.07591860
 -1.12  -1.15488303
 -1.19  -1.23181016
 -1.27  -1.30584873
 -1.34  -1.37613740
 -1.41  -1.44181353
 -1.47  -1.50202218
 -1.53  -1.55592513
 -1.58  -1.60270993
 -1.62  -1.64159880
 -1.66  -1.67185739
 -1.68  -1.69280316
 -1.70  -1.70381344
 -1.71  -1.70433298
 -1.70  -1.69388093
 -1.68  -1.67205720
 -1.66  -1.63854813
 -1.62  -1.59313132
 -1.57  -1.53567968
 -1.50  -1.46616460
 -1.43  -1.38465815
 -1.34  -1.29133440
 -1.24  -1.18646969
 -1.13  -1.07044195
 -1.01  -0.94372906
 -0.88  -0.80690619
 -0.73  -0.66064217
 -0.58  -0.50569500
 -0.43  -0.34290637
 -0.26  -0.17319545
 -0.09   0.00244825
  0.09   0.18297259
  0.27   0.36727131
  0.46   0.55419299
  0.65   0.74255058
  0.84   0.93113128
  1.03   1.11870678
  1.21   1.30404364
  1.40   1.48591380
  1.58   1.66310514
  1.75   1.83443187
  1.92   1.99874478
  2.08   2.15494116
  2.23   2.30197434
  2.37   2.43886272
  2.50   2.56469829
  2.62   2.67865443
  2.73   2.77999298
  2.83   2.86807054
  2.91   2.94234393
  2.97   3.00237464
  3.03   3.04783246
  3.07   3.07849797
  3.09   3.09426416
  3.10   3.09513693
  3.09   3.08123456
  3.07   3.05278625
  3.03   3.01012951
  2.98   2.95370672
  2.92   2.88406059
  2.84   2.80182891
  2.76   2.70773828
  2.66   2.60259717
  2.55   2.48728824
  2.43   2.36276001
  2.30   2.23001806
  2.16   2.09011566
  2.02   1.94414413
  1.87   1.79322288
  1.72   1.63848931
  1.56   1.48108861
  1.40   1.32216367
  1.24   1.16284496
  1.08   1.00424084
  0.93   0.84742805
  0.77   0.69344264
  0.62   0.54327147
  0.47   0.39784420
  0.33   0.25802601
  0.19   0.12461099
  0.06  -0.00168366
 -0.06  -0.12022257
 -0.18  -0.23045632
 -0.28  -0.33192464
 -0.38  -0.42425860
 -0.47  -0.50718194
 -0.55  -0.58051145
 -0.61  -0.64415633
 -0.67  -0.69811670
 -0.72  -0.74248116
 -0.76  -0.77742350
 -0.79  -0.80319859
 -0.81  -0.82013752
 -0.83  -0.82864195
 -0.83  -0.82917792
 -0.83  -0.82226902
 -0.82  -0.80848909
 -0.80  -0.78845452
 -0.78  -0.76281623
 -0.75  -0.73225138
 -0.72  -0.69745504
 -0.68  -0.65913172
 -0.64  -0.61798699
 -0.60  -0.57471923
 -0.55  -0.53001167
 -0.51  -0.48452464
 -0.46  -0.43888834
 -0.42  -0.39369600
 -0.37  -0.34949763
 -0.33  -0.30679442
 -0.29  -0.26603372
 -0.25  -0.22760488
 -0.21  -0.19183575
 -0.18  -0.15899000
 -0.14  -0.12926536
 -0.12  -0.10279259
 -0.09  -0.07963533
 -0.07  -0.05979087
 -0.05  -0.04319162
 -0.04  -0.02970754
 -0.02  -0.01914921
 -0.01  -0.01127171
 -0.01  -0.00577923
 -0.00  -0.00233017
 -0.00  -0.00054301
 -0.00  -0.00000248
 -0.00  -0.00026629
 -0.00  -0.00087215
 -0.00  -0.00134508
 -0.00  -0.00120486
 -0.00   0.00002642
  0.00   0.00281680
  0.00   0.00761702
  0.01   0.01485320
  0.02   0.02491992
  0.03   0.03817351
  0.05   0.05492585
  0.06   0.07543870
  0.09   0.09991857
  0.11   0.12851223
  0.14   0.16130295
  0.18   0.19830749
  0.22   0.23947384
  0.26   0.28467981
  0.31   0.33373251
  0.36   0.38636858
  0.41   0.44225540
  0.47   0.50099307
  0.53   0.56211730
  0.59   0.62510304
  0.66   0.68936900
  0.72   0.75428280
  0.79   0.81916690
  0.85   0.88330511
  0.91   0.94594966
  0.98   1.00632884
  1.04   1.06365496
  1.09   1.11713267
  1.14   1.16596759
  1.19   1.20937495
  1.23   1.24658849
  1.26   1.27686910
  1.29   1.29951350
  1.31   1.31386263
  1.32   1.31930974
  1.32   1.31530803
  1.31   1.30137786
  1.29   1.27711336
  1.26   1.24218837
  1.22   1.19636172
  1.17   1.13948166
  1.11   1.07148953
  1.03   0.99242244
  0.95   0.90241519
  0.85   0.80170109
  0.75   0.69061189
  0.63   0.56957677
  0.51   0.43912027
  0.37   0.29985936
  0.23   0.15249946
  0.08  -0.00217032
 -0.08  -0.16328290
 -0.25  -0.32989975
 -0.41  -0.50101810
 -0.59  -0.67557896
 -0.76  -0.85247560
 -0.94  -1.03056275
 -1.12  -1.20866609
 -1.30  -1.38559219
 -1.47  -1.56013867
 -1.65  -1.73110456
 -1.81  -1.89730072
 -1.98  -2.05756019
 -2.14  -2.21074844
 -2.28  -2.35577339
 -2.42  -2.49159503
 -2.56  -2.61723472
 -2.68  -2.73178387
 -2.78  -2.83441206
 -2.88  -2.92437447
 -2.96  -3.00101856
 -3.03  -3.06378990
 -3.09  -3.11223712
 -3.13  -3.14601597
 -3.16  -3.16489236
 -3.17  -3.16874443
 -3.17  -3.15756357
 -3.15  -3.13145442
 -3.11  -3.09063389
 -3.06  -3.03542906
 -3.00  -2.96627415
 -2.93  -2.88370653
 -2.84  -2.78836174
 -2.74  -2.68096769
 -2.62  -2.56233799
 -2.50  -2.43336458
 -2.37  -2.29500962
 -2.22  -2.14829681
 -2.07  -1.99430222
 -1.91  -1.83414459
 -1.75  -1.66897546
 -1.58  -1.49996890
 -1.41  -1.32831127
 -1.24  -1.15519080
 -1.07  -0.98178733
 -0.90  -0.80926221
 -0.72  -0.63874844
 -0.55  -0.47134119
 -0.39  -0.30808875
 -0.23  -0.14998405
 -0.07   0.00204320
  0.08   0.14713375
  0.22   0.28450518
  0.35   0.41345757
  0.47   0.53337823
  0.59   0.64374555
  0.70   0.74413193
  0.79   0.83420574
  0.88   0.91373230
  0.95   0.98257397
  1.01   1.04068916
  1.07   1.08813051
  1.11   1.12504210
  1.14   1.15165585
  1.16   1.16828697
  1.17   1.17532882
  1.18   1.17324689
  1.17   1.16257225
  1.15   1.14389443
  1.13   1.11785375
  1.10   1.08513330
  1.07   1.04645067
  1.03   1.00254937
  0.98   0.95419016
  0.93   0.90214240
  0.87   0.84717541
  0.82   0.79005006
  0.76   0.73151050
  0.70   0.67227635
  0.64   0.61303524
  0.58   0.55443589
  0.53   0.49708169
  0.47   0.44152502
  0.41   0.38826217
  0.36   0.33772907
  0.31   0.29029775
  0.27   0.24627366
  0.23   0.20589385
  0.19   0.16932588
  0.15   0.13666777
  0.12   0.10794867
  0.10   0.08313041
  0.07   0.06210991
  0.05   0.04472224
  0.04   0.03074461
  0.02   0.01990089
  0.02   0.01186681
  0.01   0.00627580
  0.00   0.00272520
  0.00   0.00078301
  0.00  -0.00000510
 -0.00  -0.00010849
 -0.00  -0.00000406
 -0.00  -0.00016875
 -0.00  -0.00107196
 -0.00  -0.00316816
 -0.00  -0.00688959
 -0.01  -0.01263933
 -0.02  -0.02078468
 -0.03  -0.03165097
 -0.04  -0.04551592
 -0.05  -0.06260453
 -0.07  -0.08308465
 -0.09  -0.10706329
 -0.12  -0.13458353
 -0.15  -0.16562241
 -0.18  -0.20008951
 -0.22  -0.23782636
 -0.26  -0.27860679
 -0.30  -0.32213808
 -0.34  -0.36806292
 -0.39  -0.41596225
 -0.44  -0.46535892
 -0.49  -0.51572205
 -0.54  -0.56647217
 -0.59  -0.61698703
 -0.64  -0.66660797
 -0.69  -0.71464689
 -0.74  -0.76039372
 -0.78  -0.80312419
 -0.82  -0.84210795
 -0.86  -0.87661701
 -0.89  -0.90593413
 -0.92  -0.92936141
 -0.94  -0.94622875
 -0.95  -0.95590217
 -0.96  -0.95779188
 -0.96  -0.95136009
 -0.94  -0.93612829
 -0.93  -0.91168411
 -0.90  -0.87768760
 -0.86  -0.83387675
 -0.81  -0.78007246
 -0.75  -0.71618259
 -0.68  -0.64220521
 -0.60  -0.55823100
 -0.51  -0.46444475
 -0.41  -0.36112586
 -0.31  -0.24864796
 -0.19  -0.12747750
 -0.06   0.00182852
  0.07   0.13862584
  0.21   0.28218711
  0.36   0.43170695
  0.51   0.58630783
  0.67   0.74504672
  0.83   0.90692255
  0.99   1.07088421
  1.15   1.23583922
  1.32   1.40066286
  1.48   1.56420771
  1.65   1.72531352
  1.80   1.88281733
  1.96   2.03556366
  2.11   2.18241478
  2.25   2.32226088
  2.39   2.45403007
  2.52   2.57669813
  2.63   2.68929785
  2.74   2.79092792
  2.84   2.88076132
  2.92   2.95805300
  2.99   3.02214688
  3.05   3.07248209
  3.09   3.10859834
  3.12   3.13014038
  3.14   3.13686155
  3.13   3.12862629
  3.12   3.10541173
  3.09   3.06730818
  3.04   3.01451858
  2.98   2.94735701
  2.91   2.86624609
  2.82   2.77171345
  2.72   2.66438723
  2.61   2.54499065
  2.48   2.41433572
  2.35   2.27331622
  2.20   2.12289984
  2.04   1.96411974
  1.88   1.79806554
  1.71   1.62587381
  1.54   1.44871813
  1.36   1.26779894
  1.18   1.08433314
  0.99   0.89954357
  0.81   0.71464862
  0.62   0.53085179
  0.44   0.34933155
  0.26   0.17123152
  0.08  -0.00234900
 -0.09  -0.17036398
 -0.25  -0.33182906
 -0.41  -0.48582926
 -0.56  -0.63152599
 -0.70  -0.76816328
 -0.83  -0.89507315
 -0.95  -1.01168010
 -1.07  -1.11750464
 -1.17  -1.21216592
 -1.26  -1.29538338
 -1.33  -1.36697732
 -1.40  -1.42686866
 -1.45  -1.47507756
 -1.49  -1.51172123
 -1.53  -1.53701073
 -1.55  -1.55124698
 -1.55  -1.55481585
 -1.55  -1.54818258
 -1.54  -1.53188542
 -1.52  -1.50652872
 -1.49  -1.47277538
 -1.45  -1.43133889
 -1.41  -1.38297499
 -1.36  -1.32847304
 -1.30  -1.26864713
 -1.24  -1.20432721
 -1.17  -1.13635012
 -1.10  -1.06555070
 -1.03  -0.99275322
 -0.96  -0.91876289
 -0.88  -0.84435789
 -0.81  -0.77028173
 -0.73  -0.69723626
 -0.66  -0.62587511
 -0.59  -0.55679794
 -0.52  -0.49054528
 -0.46  -0.42759425
 -0.40  -0.36835497
 -0.34  -0.31316788
 -0.29  -0.26230187
 -0.24  -0.21595333
 -0.19  -0.17424602
 -0.16  -0.13723179
 -0.12  -0.10489227
 -0.09  -0.07714117
 -0.06  -0.05382759
 -0.04  -0.03473991
 -0.03  -0.01961048
 -0.01  -0.00812084
 -0.00   0.00009239
  0.00   0.00543117
  0.01   0.00832933
  0.01   0.00924540
  0.01   0.00865534
  0.01   0.00704495
  0.01   0.00490237
  0.00   0.00271042
  0.00   0.00093922
  0.00   0.00003884
  0.00   0.00043238
  0.00   0.00250928
  0.00   0.00661918
  0.01   0.01306622
  0.02   0.02210397
  0.03   0.03393099
  0.04   0.04868707
  0.06   0.06645023
  0.08   0.08723454
  0.10   0.11098869
  0.12   0.13759542
  0.15   0.16687179
  0.18   0.19857035
  0.22   0.23238102
  0.25   0.26793390
  0.29   0.30480283
  0.32   0.34250973
  0.36   0.38052957
  0.40   0.41829612
  0.44   0.45520819
  0.47   0.49063647
  0.51   0.52393075
  0.54   0.55442765
  0.57   0.58145846
  0.59   0.60435737
  0.61   0.62246967
  0.63   0.63516005
  0.64   0.64182084
  0.64   0.64188001
